%Uppgift 3
%SKF 6208

Fr = 17000;
n = 8181;

p = 3;
P = Fr;
C = 32.5*10^3;

L10h = 10^6/(60*n)*(C/P)^p
